1.02019	536
1.0413	1072
1.06328	1608
1.08525	2144
1.10628	2680
1.10817	3216
1.12826	3752
1.13014	4288
1.13572	4824
1.1521	5360
1.16849	5896
1.18487	6432
1.20125	6968
1.21764	7504
1.23402	8040
1.25041	8576
1.26679	9112
1.28317	9648
1.29956	10184
1.31594	10720
1.33233	11256
1.34871	11792
1.36509	12328
1.38148	12864
1.39786	13400
1.41425	13936
1.43063	14472
1.44701	15008
1.4634	15544
1.47978	16080
1.49617	16616
1.51255	17152
1.52893	17688
1.54532	18224
1.5617	18760
1.57809	19296
1.59447	19832
1.61085	20368
1.62724	20904
1.64362	21440
1.66001	21976
1.67639	22512
1.69277	23048
1.70916	23584
1.72554	24120
1.74193	24656
1.75831	25192
1.77469	25728
1.79108	26264
1.80746	26800
1.82385	27336
1.84023	27872
1.85661	28408
1.873	28944
1.88938	29480
1.90577	30016
1.92215	30552
1.93853	31088
1.95492	31624
1.9713	32160
1.98769	32696
2.00407	33232
2.02045	33768
2.03684	34304
2.05322	34840
2.06961	35376
2.08599	35912
2.10237	36448
2.11876	36984
2.13514	37520
2.15153	38056
2.16791	38592
2.18429	39128
2.20068	39664
2.21706	40200
2.23345	40736
2.24983	41272
2.26621	41808
2.2826	42344
2.29898	42880
2.31537	43416
2.33175	43952
2.34813	44488
2.36452	45024
2.3809	45560
2.39729	46096
2.41367	46632
2.43005	47168
2.44644	47704
2.46282	48240
2.47921	48776
2.49559	49312
2.51197	49848
2.52836	50384
2.54474	50920
2.56113	51456
2.57751	51992
2.59389	52528
2.61028	53064
2.62666	53600
2.64305	54136
2.65943	54672
2.67581	55208
2.6922	55744
2.70858	56280
2.72497	56816
2.74135	57352
2.75773	57888
2.77412	58424
2.7905	58960
2.80689	59496
2.82327	60032
2.83965	60568
2.85604	61104
2.87242	61640
2.88881	62176
2.90519	62712
2.92157	63248
2.93796	63784
2.95434	64320
2.97073	64856
2.98711	65392
3.00349	65928
3.01988	66464
3.03626	67000
3.05265	67536
3.06903	68072
3.08541	68608
3.1018	69144
3.11818	69680
3.13457	70216
3.15095	70752
3.16733	71288
3.18372	71824
3.2001	72360
3.21649	72896
3.23287	73432
3.24925	73968
3.26564	74504
3.28202	75040
3.29841	75576
3.31479	76112
3.33117	76648
3.34756	77184
3.36394	77720
3.38033	78256
3.39671	78792
3.41309	79328
3.42948	79864
3.44586	80400
3.46225	80936
3.47863	81472
3.49501	82008
3.5114	82544
3.52778	83080
3.54417	83616
3.56055	84152
3.57693	84688
3.59332	85224
3.6097	85760
3.62609	86296
3.64247	86832
3.65885	87368
3.67524	87904
3.69162	88440
3.70801	88976
3.72439	89512
3.74077	90048
3.75716	90584
3.77354	91120
3.78993	91656
3.80631	92192
3.82269	92728
3.83908	93264
3.85546	93800
3.87185	94336
3.88823	94872
3.90461	95408
3.921	95944
3.93738	96480
3.95377	97016
3.97015	97552
3.98653	98088
4.00292	98624
4.0193	99160
4.03569	99696
4.05207	100232
4.06845	100768
4.08484	101304
4.10122	101840
4.11761	102376
4.13399	102912
4.15037	103448
4.16676	103984
4.18314	104520
4.19953	105056
4.21591	105592
4.23229	106128
4.24868	106664
4.26506	107200
4.28145	107736
4.29783	108272
4.31421	108808
4.3306	109344
4.34698	109880
4.36337	110416
4.37975	110952
4.39613	111488
4.41252	112024
4.4289	112560
4.44529	113096
4.46167	113632
4.47805	114168
4.49444	114704
4.51082	115240
4.52721	115776
4.54359	116312
4.55997	116848
4.57636	117384
4.59274	117920
4.60913	118456
4.62551	118992
4.64189	119528
4.65828	120064
4.67466	120600
4.69105	121136
4.70743	121672
4.72381	122208
4.7402	122744
4.75658	123280
4.77297	123816
4.78935	124352
4.80573	124888
4.82212	125424
4.8385	125960
4.85489	126496
4.87127	127032
4.88765	127568
4.90404	128104
4.92042	128640
4.93681	129176
4.95319	129712
4.96957	130248
4.98596	130784
5.00234	131320
5.01873	131856
5.03511	132392
5.05149	132928
5.06788	133464
5.08426	134000
5.10065	134536
5.11703	135072
5.13341	135608
5.1498	136144
5.16618	136680
5.18257	137216
5.19895	137752
5.21533	138288
5.23172	138824
5.2481	139360
5.26449	139896
5.28087	140432
5.29725	140968
5.31364	141504
5.33002	142040
5.34641	142576
5.36279	143112
5.37917	143648
5.39556	144184
5.41194	144720
5.42833	145256
5.44471	145792
5.46109	146328
5.47748	146864
5.49386	147400
5.51025	147936
5.52663	148472
5.54301	149008
5.5594	149544
5.57578	150080
5.59217	150616
5.60855	151152
5.62493	151688
5.64132	152224
5.6577	152760
5.67409	153296
5.69047	153832
5.70685	154368
5.72324	154904
5.73962	155440
5.75601	155976
5.77239	156512
5.78877	157048
5.80516	157584
5.82154	158120
5.83793	158656
5.85431	159192
5.87069	159728
5.88708	160264
5.90346	160800
5.91985	161336
5.93623	161872
5.95261	162408
5.969	162944
5.98538	163480
6.00177	164016
6.01815	164552
6.03453	165088
6.05092	165624
6.0673	166160
6.08369	166696
6.10007	167232
6.11645	167768
6.13284	168304
6.14922	168840
6.16561	169376
6.18199	169912
6.19837	170448
6.21476	170984
6.23114	171520
6.24753	172056
6.26391	172592
6.28029	173128
6.29668	173664
6.31306	174200
6.32945	174736
6.34583	175272
6.36221	175808
6.3786	176344
6.39498	176880
6.41137	177416
6.42775	177952
6.44413	178488
6.46052	179024
6.4769	179560
6.49329	180096
6.50967	180632
6.52605	181168
6.54244	181704
6.55882	182240
6.57521	182776
6.59159	183312
6.60797	183848
6.62436	184384
6.64074	184920
6.65713	185456
6.67351	185992
6.68989	186528
6.70628	187064
6.72266	187600
6.73905	188136
6.75543	188672
6.77181	189208
6.7882	189744
6.80458	190280
6.82097	190816
6.83735	191352
6.85373	191888
6.87012	192424
6.8865	192960
6.90289	193496
6.91927	194032
6.93565	194568
6.95204	195104
6.96842	195640
6.98481	196176
7.00119	196712
7.01757	197248
7.03396	197784
7.05034	198320
7.06673	198856
7.08311	199392
7.09949	199928
7.11588	200464
7.13226	201000
7.14865	201536
7.16503	202072
7.18141	202608
7.1978	203144
7.21418	203680
7.23057	204216
7.24695	204752
7.26333	205288
7.27972	205824
7.2961	206360
7.31249	206896
7.32887	207432
7.34525	207968
7.36164	208504
7.37802	209040
7.39441	209576
7.41079	210112
7.42717	210648
7.44356	211184
7.45994	211720
7.47633	212256
7.49271	212792
7.50909	213328
7.52548	213864
7.54186	214400
7.55825	214936
7.57463	215472
7.59101	216008
7.6074	216544
7.62378	217080
7.64017	217616
7.65655	218152
7.67293	218688
7.68932	219224
7.7057	219760
7.72209	220296
7.73847	220832
7.75485	221368
7.77124	221904
7.78762	222440
7.80401	222976
7.82039	223512
7.83677	224048
7.85316	224584
7.86954	225120
7.88593	225656
7.90231	226192
7.91869	226728
7.93508	227264
7.95146	227800
7.96785	228336
7.98423	228872
8.00061	229408
8.017	229944
8.03338	230480
8.04977	231016
8.06615	231552
8.08253	232088
8.09892	232624
8.1153	233160
8.13169	233696
8.14807	234232
8.16445	234768
8.18084	235304
8.19722	235840
8.21361	236376
8.22999	236912
8.24637	237448
8.26276	237984
8.27914	238520
8.29553	239056
8.31191	239592
8.32829	240128
8.34468	240664
8.36106	241200
8.37745	241736
8.39383	242272
8.41021	242808
8.4266	243344
8.44298	243880
8.45937	244416
8.47575	244952
8.49213	245488
8.50852	246024
8.5249	246560
8.54129	247096
8.55767	247632
8.57405	248168
8.59044	248704
8.60682	249240
8.62321	249776
8.63959	250312
8.65597	250848
8.67236	251384
8.68874	251920
8.70513	252456
8.72151	252992
8.73789	253528
8.75428	254064
8.77066	254600
8.78705	255136
8.80343	255672
8.81981	256208
8.8362	256744
8.85258	257280
8.86897	257816
8.88535	258352
8.90173	258888
8.91812	259424
8.9345	259960
8.95089	260496
8.96727	261032
8.98365	261568
9.00004	262104
9.01642	262640
9.03281	263176
9.04919	263712
9.06557	264248
9.08196	264784
9.09834	265320
9.11473	265856
9.13111	266392
9.14749	266928
9.16388	267464
9.18026	268000
9.19665	268536
9.21303	269072
9.22941	269608
9.2458	270144
9.26218	270680
9.27857	271216
9.29495	271752
9.31133	272288
9.32772	272824
9.3441	273360
9.36049	273896
9.37687	274432
9.39325	274968
9.40964	275504
9.42602	276040
9.44241	276576
9.45879	277112
9.47517	277648
9.49156	278184
9.50794	278720
9.52433	279256
9.54071	279792
9.55709	280328
9.57348	280864
9.58986	281400
9.60625	281936
9.62263	282472
9.63901	283008
9.6554	283544
9.67178	284080
9.68817	284616
9.70455	285152
9.72093	285688
9.73732	286224
9.7537	286760
9.77009	287296
9.78647	287832
9.80285	288368
9.81924	288904
9.83562	289440
9.85201	289976
9.86839	290512
9.88477	291048
9.90116	291584
9.91754	292120
9.93393	292656
9.95031	293192
9.96669	293728
9.98308	294264
9.99946	294800
10.0158	295336
10.0322	295872
10.0486	296408
10.065	296944
10.0814	297480
10.0978	298016
10.1142	298552
10.1305	299088
10.1469	299624
10.1633	300160
10.1797	300696
10.1961	301232
10.2125	301768
10.2288	302304
10.2452	302840
10.2616	303376
10.278	303912
10.2944	304448
10.3108	304984
10.3271	305520
10.3435	306056
10.3599	306592
10.3763	307128
10.3927	307664
10.4091	308200
10.4254	308736
10.4418	309272
10.4582	309808
10.4746	310344
10.491	310880
10.5074	311416
10.5238	311952
10.5401	312488
10.5565	313024
10.5729	313560
10.5893	314096
10.6057	314632
10.6221	315168
10.6384	315704
10.6548	316240
10.6712	316776
10.6876	317312
10.704	317848
10.7204	318384
10.7367	318920
10.7531	319456
10.7695	319992
10.7859	320528
10.8023	321064
10.8187	321600
10.835	322136
10.8514	322672
10.8678	323208
10.8842	323744
10.9006	324280
10.917	324816
10.9334	325352
10.9497	325888
10.9661	326424
10.9825	326960
10.9989	327496
11.0153	328032
11.0317	328568
11.048	329104
11.0644	329640
11.0808	330176
11.0972	330712
11.1136	331248
11.13	331784
11.1463	332320
11.1627	332856
11.1791	333392
11.1955	333928
11.2119	334464
11.2283	335000
11.2446	335536
11.261	336072
11.2774	336608
11.2938	337144
11.3102	337680
11.3266	338216
11.343	338752
11.3593	339288
11.3757	339824
11.3921	340360
11.4085	340896
11.4249	341432
11.4413	341968
11.4576	342504
11.474	343040
11.4904	343576
11.5068	344112
11.5232	344648
11.5396	345184
11.5559	345720
11.5723	346256
11.5887	346792
11.6051	347328
11.6215	347864
11.6379	348400
11.6542	348936
11.6706	349472
11.687	350008
11.7034	350544
11.7198	351080
11.7362	351616
11.7526	352152
11.7689	352688
11.7853	353224
11.8017	353760
11.8181	354296
11.8345	354832
11.8509	355368
11.8672	355904
11.8836	356440
11.9	356976
11.9164	357512
11.9328	358048
11.9492	358584
11.9655	359120
11.9819	359656
11.9983	360192
12.0147	360728
12.0311	361264
12.0475	361800
12.0638	362336
12.0802	362872
12.0966	363408
12.113	363944
12.1294	364480
12.1458	365016
12.1622	365552
12.1785	366088
12.1949	366624
12.2113	367160
12.2277	367696
12.2441	368232
12.2605	368768
12.2768	369304
12.2932	369840
12.3096	370376
12.326	370912
12.3424	371448
12.3588	371984
12.3751	372520
12.3915	373056
12.4079	373592
12.4243	374128
12.4407	374664
12.4571	375200
12.4734	375736
12.4898	376272
12.5062	376808
12.5226	377344
12.539	377880
12.5554	378416
12.5718	378952
12.5881	379488
12.6045	380024
12.6209	380560
12.6373	381096
12.6537	381632
12.6701	382168
12.6864	382704
12.7028	383240
12.7192	383776
12.7356	384312
12.752	384848
12.7684	385384
12.7847	385920
12.8011	386456
12.8175	386992
12.8339	387528
12.8503	388064
12.8667	388600
12.883	389136
12.8994	389672
12.9158	390208
12.9322	390744
12.9486	391280
12.965	391816
12.9814	392352
12.9977	392888
13.0141	393424
13.0305	393960
13.0469	394496
13.0633	395032
13.0797	395568
13.096	396104
13.1124	396640
13.1288	397176
13.1452	397712
13.1616	398248
13.178	398784
13.1943	399320
13.2107	399856
13.2271	400392
13.2435	400928
13.2599	401464
13.2763	402000
13.2926	402536
13.309	403072
13.3254	403608
13.3418	404144
13.3582	404680
13.3746	405216
13.391	405752
13.4073	406288
13.4237	406824
13.4401	407360
13.4565	407896
13.4729	408432
13.4893	408968
13.5056	409504
13.522	410040
13.5384	410576
13.5548	411112
13.5712	411648
13.5876	412184
13.6039	412720
13.6203	413256
13.6367	413792
13.6531	414328
13.6695	414864
13.6859	415400
13.7022	415936
13.7186	416472
13.735	417008
13.7514	417544
13.7678	418080
13.7842	418616
13.8006	419152
13.8169	419688
13.8333	420224
13.8497	420760
13.8661	421296
13.8825	421832
13.8989	422368
13.9152	422904
13.9316	423440
13.948	423976
13.9644	424512
13.9808	425048
13.9972	425584
14.0135	426120
14.0299	426656
14.0463	427192
14.0627	427728
14.0791	428264
14.0955	428800
14.1118	429336
14.1282	429872
14.1446	430408
14.161	430944
14.1774	431480
14.1938	432016
14.2102	432552
14.2265	433088
14.2429	433624
14.2593	434160
14.2757	434696
14.2921	435232
14.3085	435768
14.3248	436304
14.3412	436840
14.3576	437376
14.374	437912
14.3904	438448
14.4068	438984
14.4231	439520
14.4395	440056
14.4559	440592
14.4723	441128
14.4887	441664
14.5051	442200
14.5214	442736
14.5378	443272
14.5542	443808
14.5706	444344
14.587	444880
14.6034	445416
14.6198	445952
14.6361	446488
14.6525	447024
14.6689	447560
14.6853	448096
14.7017	448632
14.7181	449168
14.7344	449704
14.7508	450240
14.7672	450776
14.7836	451312
14.8	451848
14.8164	452384
14.8327	452920
14.8491	453456
14.8655	453992
14.8819	454528
14.8983	455064
14.9147	455600
14.931	456136
14.9474	456672
14.9638	457208
14.9802	457744
14.9966	458280
15.013	458816
15.0294	459352
15.0457	459888
15.0621	460424
15.0785	460960
15.0949	461496
15.1113	462032
15.1277	462568
15.144	463104
15.1604	463640
15.1768	464176
15.1932	464712
15.2096	465248
15.226	465784
15.2423	466320
15.2587	466856
15.2751	467392
15.2915	467928
15.3079	468464
15.3243	469000
15.3406	469536
15.357	470072
15.3734	470608
15.3898	471144
15.4062	471680
15.4226	472216
15.439	472752
15.4553	473288
15.4717	473824
15.4881	474360
15.5045	474896
15.5209	475432
15.5373	475968
15.5536	476504
15.57	477040
15.5864	477576
15.6028	478112
15.6192	478648
15.6356	479184
15.6519	479720
15.6683	480256
15.6847	480792
15.7011	481328
15.7175	481864
15.7339	482400
15.7502	482936
15.7666	483472
15.783	484008
15.7994	484544
15.8158	485080
15.8322	485616
15.8486	486152
15.8649	486688
15.8813	487224
15.8977	487760
15.9141	488296
15.9305	488832
15.9469	489368
15.9632	489904
15.9796	490440
15.996	490976
16.0124	491512
16.0288	492048
16.0452	492584
16.0615	493120
16.0779	493656
16.0943	494192
16.1107	494728
16.1271	495264
16.1435	495800
16.1598	496336
16.1762	496872
16.1926	497408
16.209	497944
16.2254	498480
16.2418	499016
16.2582	499552
16.2745	500088
16.2909	500624
16.3073	501160
16.3237	501696
16.3401	502232
16.3565	502768
16.3728	503304
16.3892	503840
16.4056	504376
16.422	504912
16.4384	505448
16.4548	505984
16.4711	506520
16.4875	507056
16.5039	507592
16.5203	508128
16.5367	508664
16.5531	509200
16.5694	509736
16.5858	510272
16.6022	510808
16.6186	511344
16.635	511880
16.6514	512416
16.6678	512952
16.6841	513488
16.7005	514024
16.7169	514560
16.7333	515096
16.7497	515632
16.7661	516168
16.7824	516704
16.7988	517240
16.8152	517776
16.8316	518312
16.848	518848
16.8644	519384
16.8807	519920
16.8971	520456
16.9135	520992
16.9299	521528
16.9463	522064
16.9627	522600
16.979	523136
16.9954	523672
17.0118	524208
17.0282	524744
17.0446	525280
17.061	525816
17.0774	526352
17.0937	526888
17.1101	527424
17.1265	527960
17.1429	528496
17.1593	529032
17.1757	529568
17.192	530104
17.2084	530640
17.2248	531176
17.2412	531712
17.2576	532248
17.274	532784
17.2903	533320
17.3067	533856
17.3231	534392
17.3395	534928
17.3559	535464
17.3723	536000
17.3886	536536
17.5895	537072
