1.01019	536
1.0213	1072
1.03328	1608
1.04525	2144
1.05628	2680
1.05817	3216
1.06826	3752
1.07014	4288
1.07203	4824
1.08023	5360
1.08212	5896
1.08401	6432
1.08589	6968
1.09126	7504
1.09315	8040
1.09504	8576
1.09692	9112
1.09881	9648
1.1007	10184
1.10259	10720
1.10448	11256
1.10636	11792
1.10825	12328
1.11014	12864
1.11203	13400
1.11392	13936
1.1158	14472
1.11769	15008
1.11958	15544
1.12147	16080
1.12336	16616
1.12524	17152
1.12713	17688
1.12902	18224
1.13091	18760
1.1328	19296
1.13468	19832
1.13657	20368
1.13846	20904
1.14035	21440
1.14224	21976
1.14412	22512
1.14601	23048
1.1479	23584
1.14979	24120
1.15168	24656
1.15356	25192
1.15545	25728
1.15734	26264
1.15923	26800
1.16112	27336
1.163	27872
1.16489	28408
1.16678	28944
1.16867	29480
1.17056	30016
1.17244	30552
1.17433	31088
1.17622	31624
1.17811	32160
1.18	32696
1.18188	33232
1.18377	33768
1.18566	34304
1.18755	34840
1.18944	35376
1.19132	35912
1.19321	36448
1.1951	36984
1.19699	37520
1.19888	38056
1.20076	38592
1.20265	39128
1.20454	39664
1.20643	40200
1.20832	40736
1.2102	41272
1.21209	41808
1.21398	42344
1.21587	42880
1.21776	43416
1.21964	43952
1.22153	44488
1.22342	45024
1.22531	45560
1.2272	46096
1.22908	46632
1.23097	47168
1.23286	47704
1.23475	48240
1.23664	48776
1.23852	49312
1.24041	49848
1.2423	50384
1.24419	50920
1.24608	51456
1.24796	51992
1.24985	52528
1.25174	53064
1.25363	53600
1.25552	54136
1.2574	54672
1.25929	55208
1.26118	55744
1.26307	56280
1.26496	56816
1.26684	57352
1.26873	57888
1.27062	58424
1.27251	58960
1.2744	59496
1.27628	60032
1.27817	60568
1.28006	61104
1.28195	61640
1.28384	62176
1.28572	62712
1.28761	63248
1.2895	63784
1.29139	64320
1.29328	64856
1.29516	65392
1.29705	65928
1.29894	66464
1.30083	67000
1.30272	67536
1.3046	68072
1.30649	68608
1.30838	69144
1.31027	69680
1.31216	70216
1.31404	70752
1.31593	71288
1.31782	71824
1.31971	72360
1.3216	72896
1.32348	73432
1.32537	73968
1.32726	74504
1.32915	75040
1.33104	75576
1.33292	76112
1.33481	76648
1.3367	77184
1.33859	77720
1.34048	78256
1.34236	78792
1.34425	79328
1.34614	79864
1.34727	80400
1.34908	80936
1.3509	81472
1.35271	82008
1.35452	82544
1.35633	83080
1.35814	83616
1.35995	84152
1.36176	84688
1.36357	85224
1.36539	85760
1.3672	86296
1.36901	86832
1.37082	87368
1.37263	87904
1.37444	88440
1.37625	88976
1.37806	89512
1.37988	90048
1.38169	90584
1.3835	91120
1.38531	91656
1.38712	92192
1.38893	92728
1.39074	93264
1.39255	93800
1.39436	94336
1.39618	94872
1.39799	95408
1.3998	95944
1.40161	96480
1.40342	97016
1.40523	97552
1.40704	98088
1.40885	98624
1.41067	99160
1.41248	99696
1.41429	100232
1.4161	100768
1.41791	101304
1.41972	101840
1.42153	102376
1.42334	102912
1.42516	103448
1.42697	103984
1.42878	104520
1.43059	105056
1.4324	105592
1.43421	106128
1.43602	106664
1.43783	107200
1.43964	107736
1.44146	108272
1.44327	108808
1.44508	109344
1.44689	109880
1.4487	110416
1.45051	110952
1.45232	111488
1.45413	112024
1.45595	112560
1.45776	113096
1.45957	113632
1.46138	114168
1.46319	114704
1.465	115240
1.46681	115776
1.46862	116312
1.47044	116848
1.47225	117384
1.47406	117920
1.47587	118456
1.47768	118992
1.47949	119528
1.4813	120064
1.48311	120600
1.48492	121136
1.48674	121672
1.48855	122208
1.49036	122744
1.49217	123280
1.49398	123816
1.49579	124352
1.4976	124888
1.49941	125424
1.50123	125960
1.50304	126496
1.50485	127032
1.50666	127568
1.50847	128104
1.51028	128640
1.51209	129176
1.5139	129712
1.51572	130248
1.51753	130784
1.51934	131320
1.52115	131856
1.52296	132392
1.52477	132928
1.52658	133464
1.52839	134000
1.5302	134536
1.53202	135072
1.53383	135608
1.53564	136144
1.53745	136680
1.53926	137216
1.54107	137752
1.54288	138288
1.54469	138824
1.54651	139360
1.54832	139896
1.55013	140432
1.55194	140968
1.55375	141504
1.55556	142040
1.55737	142576
1.55918	143112
1.561	143648
1.56281	144184
1.56462	144720
1.56643	145256
1.56824	145792
1.57005	146328
1.57186	146864
1.57367	147400
1.57548	147936
1.5773	148472
1.57999	35840
1.74263	35848
1.74452	35856
1.74641	35864
1.74829	35872
1.75018	35880
1.75207	35888
1.75396	35896
1.75585	35904
1.75773	35912
1.75962	35920
1.76151	35927
1.7634	35934
1.76529	35941
1.76717	35948
1.76906	35955
1.77095	35962
1.77284	35969
1.77473	35976
1.77661	35983
1.7785	35990
1.78039	35997
1.78228	36004
1.78417	36011
1.78605	36018
1.78794	36025
1.78983	36032
1.79172	36039
1.79361	36046
1.79549	36053
1.79738	36060
1.79927	36067
1.80116	36074
1.80305	36081
1.80493	36088
1.80682	36095
1.80871	36102
1.8106	36109
1.81249	36116
1.81437	36123
1.81626	36130
1.81815	36137
1.82004	36144
1.82193	36151
1.82381	36158
1.8257	36165
1.82759	36172
1.82948	36179
1.83137	36186
1.83325	36193
1.83514	36200
1.83703	36207
1.83892	36214
1.84081	36221
1.84269	36228
1.84458	36235
1.84647	36242
1.84836	36249
1.85025	36256
1.85213	36263
1.85402	36270
1.85591	36277
1.8578	36284
1.85969	36291
1.86157	36298
1.86346	36305
1.86535	36312
1.86724	36319
1.86913	36326
1.87101	36333
1.8729	36340
1.87479	36347
1.87668	36354
1.87857	36361
1.88045	36368
1.88234	36375
1.88423	36382
1.88612	36389
1.88801	36396
1.88989	36403
1.89178	36410
1.89367	36417
1.89556	36424
1.89745	36431
1.89933	36438
1.90122	36445
1.90311	36452
1.905	36459
1.90689	36466
1.90877	36473
1.91066	36480
1.91255	36487
1.91444	36494
1.91633	36501
1.91821	36508
1.9201	36515
1.92199	36522
1.92388	36529
1.92577	36536
1.92765	36543
1.92954	36550
1.93143	36557
1.93332	36564
1.93521	36571
1.93709	36578
1.93898	36585
1.94087	36592
1.94276	36599
1.94465	36606
1.94653	36613
1.94842	36620
1.95031	36627
1.9522	36634
1.95409	36641
1.95597	36648
1.95786	36655
1.95975	36662
1.96164	36669
1.96353	36676
1.96541	36683
1.9673	36690
1.96919	36697
1.97108	36704
1.97297	36711
1.97485	36718
1.97674	36725
1.97863	36732
1.98052	36739
1.98241	36746
1.98429	36753
1.98618	36760
1.98807	36767
1.98996	36774
1.99185	36781
1.99373	36788
1.99562	36795
1.99751	36802
1.9994	36809
2.00129	36816
2.00317	36823
2.00506	36830
2.00695	36837
2.00884	36844
2.01073	36851
2.01261	36858
2.0145	36865
2.01639	36872
2.01828	36879
2.02017	36886
2.02205	36893
2.02394	36900
2.02583	36907
2.02772	36914
2.02961	36921
2.03149	36928
2.03338	36935
2.03527	36942
2.03716	36949
2.03905	36956
2.04093	36963
2.04282	36970
2.04471	36977
2.0466	36984
2.04849	36991
2.05037	36998
2.05226	37005
2.05415	37012
2.05604	37019
2.05793	37026
2.05981	37033
2.0617	37040
2.06359	37047
2.06548	37054
2.06737	37061
2.06925	37068
2.07114	37075
2.07303	37082
2.07492	37089
2.07681	37096
2.07869	37103
2.08058	37110
2.08247	37117
2.08436	37124
2.08625	37131
2.08813	37138
2.09002	37145
2.09191	37152
2.0938	37159
2.09569	37166
2.09757	37173
2.09946	37180
2.10135	37187
2.10324	37194
2.10513	37201
2.10701	37208
2.1089	37215
2.11079	37222
2.11268	37229
2.11457	37236
2.11645	37243
2.11834	37250
2.12023	37257
2.12212	37264
2.12401	37271
2.12589	37278
2.12778	37285
2.12967	37292
2.13156	37299
2.13345	37306
2.13533	37313
2.13722	37320
2.13911	37327
2.141	37334
2.14289	37341
2.14477	37348
2.14666	37355
2.14855	37362
2.15044	37369
2.15233	37376
2.15421	37383
2.1561	37390
2.15799	37397
2.15988	37404
2.16177	37411
2.16365	37418
2.16554	37425
2.16743	37432
2.16932	37439
2.17121	37446
2.17309	37453
2.17498	37460
2.17687	37467
2.17876	37474
2.18065	37481
2.18253	37488
2.18442	37495
2.18631	37502
2.1882	37509
2.19009	37516
2.19197	37523
2.19386	37530
2.19575	37537
2.19764	37544
2.19953	37551
2.20141	37558
2.2033	37565
2.20519	37572
2.20708	37579
2.20897	37586
2.21085	37593
2.21274	37600
2.21463	37607
2.21652	37614
2.21841	37621
2.22029	37628
2.22218	37635
2.22407	37642
2.22596	37649
2.22785	37656
2.22973	37663
2.23162	37670
2.23351	37677
2.2354	37684
2.23729	37691
2.23917	37698
2.24106	37705
2.24295	37712
2.24484	37719
2.24673	37726
2.24861	37733
2.2505	37740
2.25239	37747
2.25428	37754
2.25617	37761
2.25805	37768
2.25994	37775
2.26183	37782
2.26372	37789
2.26561	37796
2.26749	37803
2.26938	37810
2.27127	37817
2.27316	37824
2.27505	37831
2.27693	37838
2.27882	37845
2.28071	37852
2.2826	37859
2.28449	37866
2.28637	37873
2.28826	37880
2.29015	37887
2.29204	37894
2.29393	37901
2.29581	37908
2.2977	37915
2.29959	37922
2.30148	37929
2.30337	37936
2.30525	37943
2.30714	37950
2.30903	37957
2.31092	37964
2.31281	37971
2.31469	37978
2.31658	37985
2.31847	37992
2.32036	37999
2.32225	38006
2.32413	38013
2.32602	38020
2.32791	38027
2.3298	38034
2.33169	38041
2.33357	38048
2.33546	38055
2.33735	38062
2.33924	38069
2.34113	38076
2.34301	38083
2.3449	38090
2.34679	38097
2.34868	38104
2.35057	38111
2.35245	38118
2.35434	38125
2.35623	38132
2.35812	38139
2.36001	38146
2.36189	38153
2.36378	38160
2.36567	38167
2.36756	38174
2.36945	38181
2.37133	38188
2.37322	38195
2.37511	38202
2.377	38209
2.37889	38216
2.38077	38223
2.38266	38230
2.38455	38237
2.38644	38244
2.38833	38251
2.39021	38258
2.3921	38265
2.39399	38272
2.39588	38279
2.39777	38286
2.39965	38293
2.40154	38300
2.40343	38307
2.40532	38314
2.40721	38321
2.40909	38328
2.41098	38335
2.41287	38342
2.41476	38349
2.41665	38356
2.41853	38363
2.42042	38370
2.42231	38377
2.4242	38384
2.42609	38391
2.42797	38398
2.42986	38405
2.43175	38412
2.43364	38419
2.43553	38426
2.43741	38433
2.4393	38440
2.44119	38447
2.44308	38454
2.44497	38461
2.44685	38468
2.44874	38475
2.45063	38482
2.45252	38489
2.45441	38496
2.45629	38503
2.45818	38510
2.46007	38517
2.46196	38524
2.46385	38531
2.46573	38538
2.46762	38545
2.46951	38552
2.4714	38559
2.47329	38566
2.47517	38573
2.47706	38580
2.47895	38587
2.48084	38594
2.48273	38601
2.48461	38608
2.4865	38615
2.48839	38622
2.49028	38629
2.49217	38636
2.49405	38643
2.49594	38650
2.49783	38657
2.49972	38664
2.50161	38671
2.50349	38678
2.50538	38685
2.50727	38692
2.50916	38699
2.51105	38706
2.51293	38713
2.51482	38720
2.51671	38727
2.5186	38734
2.52049	38741
2.52237	38748
2.52426	38755
2.52615	38762
2.52804	38769
2.52993	38776
2.53181	38783
2.5337	38790
2.53559	38797
2.53748	38804
2.53937	38811
2.54125	38818
2.54314	38825
2.54503	38832
2.54692	38839
2.54881	38846
2.55069	38853
2.55258	38860
2.55447	38867
2.55636	38874
2.55825	38881
2.56013	38888
2.56202	38895
2.56391	38902
2.5658	38909
2.56769	38916
2.56957	38923
2.57146	38930
2.57335	38937
2.57524	38944
2.57713	38951
2.57901	38958
2.5809	38965
2.58279	38972
2.58468	38979
2.58657	38986
2.58845	38993
2.59034	39000
2.59223	39007
2.59412	39014
2.59601	39021
2.59789	39028
2.59978	39035
2.60167	39042
2.60356	39049
2.60545	39056
2.60733	39063
2.60922	39070
2.61111	39077
2.613	39084
2.61489	39091
2.61677	39098
2.61866	39105
2.62055	39112
2.62244	39119
2.62433	39126
2.62621	39133
2.6281	39140
2.62999	39147
2.63188	39154
2.63377	39161
2.63565	39168
2.63754	39175
2.63943	39182
2.64132	39189
2.64321	39196
2.64509	39203
2.64698	39210
2.64887	39217
2.65076	39224
2.65265	39231
2.65453	39238
2.65642	39245
2.65831	39252
2.6602	39259
2.66209	39266
2.66397	39273
2.66586	39280
2.66775	39287
2.66964	39294
2.67153	39301
2.67341	39308
2.6753	39315
2.67719	39322
2.67908	39329
2.68097	39336
2.68285	39343
2.68474	39350
2.68663	39357
2.68852	39364
2.69041	39371
2.69229	39378
2.69418	39385
2.69607	39392
2.69796	39399
2.69985	39406
2.70173	39413
2.70362	39420
2.70551	39427
2.7074	39434
2.70929	39441
2.71117	39448
2.71306	39455
2.71495	39462
2.71684	39469
2.71873	39476
2.72061	39483
2.7225	39490
2.72439	39497
2.72628	39504
2.72817	39511
2.73005	39518
2.73194	39525
2.73383	39532
2.73572	39539
2.73761	39546
2.73949	39553
2.74138	39560
2.74327	39567
2.74516	39574
2.74705	39581
2.74893	39588
2.75082	39595
2.75271	39602
2.7546	39609
2.75649	39616
2.75837	39623
2.76026	39630
2.76215	39637
2.76404	39644
2.76593	39651
2.76781	39658
2.7697	39665
2.77159	39672
2.77348	39679
2.77537	39686
2.77725	39693
2.77914	39700
2.78103	39707
2.78292	39714
2.78481	39721
2.78669	39728
2.78858	39735
2.79047	39742
2.79236	39749
2.79425	39756
2.79613	39763
2.79802	39770
2.79991	39777
2.8018	39784
2.80369	39791
2.80557	39798
2.80746	39805
2.80935	39812
2.81124	39819
2.81313	39826
2.81501	39833
2.8169	39840
2.81879	39847
2.82068	39854
2.82257	39861
2.82445	39868
2.82634	39875
2.82823	39882
2.83012	39889
2.83201	39896
2.83314	39903
