1.02019	536
1.0413	1072
1.06328	1608
1.08525	2144
1.10628	2680
1.10817	3216
1.12826	3752
1.13014	4288
1.13203	4824
1.1521	5360
1.15399	5896
1.18487	6432
1.18676	6968
1.21764	7504
1.21953	8040
1.25041	8576
1.25229	9112
1.28317	9648
1.28506	10184
1.31594	10720
1.31783	11256
1.34871	11792
1.3506	12328
1.38148	12864
1.38337	13400
1.41425	13936
1.41613	14472
1.44701	15008
1.4489	15544
1.47978	16080
1.48167	16616
1.51255	17152
1.51444	17688
1.54532	18224
1.54721	18760
1.57809	19296
1.57997	19832
1.61085	20368
1.61274	20904
1.64362	21440
1.64551	21976
1.67639	22512
1.67828	23048
1.70916	23584
1.71105	24120
1.74193	24656
1.74381	25192
1.77469	25728
1.77658	26264
1.80746	26800
1.80935	27336
1.84023	27872
1.84212	28408
1.873	28944
1.87489	29480
1.90577	30016
1.90765	30552
1.93853	31088
1.94042	31624
1.9713	32160
1.97319	32696
2.00407	33232
2.00596	33768
2.03684	34304
2.03873	34840
2.06961	35376
2.07149	35912
2.10237	36448
2.10426	36984
2.13514	37520
2.13703	38056
2.16791	38592
2.1698	39128
2.20068	39664
2.20257	40200
2.23345	40736
2.23533	41272
2.26621	41808
2.2681	42344
2.29898	42880
2.30087	43416
2.33175	43952
2.33364	44488
2.36452	45024
2.36641	45560
2.39729	46096
2.39917	46632
2.43005	47168
2.43194	47704
2.46282	48240
2.46471	48776
2.49559	49312
2.49748	49848
2.52836	50384
2.53025	50920
2.56113	51456
2.56301	51992
2.59389	52528
2.59578	53064
2.62666	53600
2.62855	54136
2.65943	54672
2.66132	55208
2.6922	55744
2.69409	56280
2.72497	56816
2.72685	57352
2.75773	57888
2.75962	58424
2.7905	58960
2.79239	59496
2.82327	60032
2.82516	60568
2.85604	61104
2.85793	61640
2.88881	62176
2.89069	62712
2.92157	63248
2.92346	63784
2.95434	64320
2.95623	64856
2.98711	65392
2.989	65928
3.01988	66464
3.02177	67000
3.05265	67536
3.05453	68072
3.08541	68608
3.0873	69144
3.11818	69680
3.12007	70216
3.15095	70752
3.15284	71288
3.18372	71824
3.18561	72360
3.21649	72896
3.21837	73432
3.24925	73968
3.25114	74504
3.28202	75040
3.28391	75576
3.31479	76112
3.31668	76648
3.34756	77184
3.34945	77720
3.38033	78256
3.38221	78792
3.41309	79328
3.41498	79864
3.44586	80400
3.44775	80936
3.47863	81472
3.48052	82008
3.5114	82544
3.51329	83080
3.54417	83616
3.54605	84152
3.57693	84688
3.57882	85224
3.6097	85760
3.61159	86296
3.64247	86832
3.64436	87368
3.67524	87904
3.67713	88440
3.70801	88976
3.70989	89512
3.74077	90048
3.74266	90584
3.77354	91120
3.77543	91656
3.80631	92192
3.8082	92728
3.83908	93264
3.84097	93800
3.87185	94336
3.87373	94872
3.90461	95408
3.9065	95944
3.93738	96480
3.93927	97016
3.97015	97552
3.97204	98088
4.00292	98624
4.00481	99160
4.03569	99696
4.03757	100232
4.06845	100768
4.07034	101304
4.10122	101840
4.10311	102376
4.13399	102912
4.13588	103448
4.16676	103984
4.16865	104520
4.19953	105056
4.20141	105592
4.23229	106128
4.23418	106664
4.26506	107200
4.26695	107736
4.29783	108272
4.29972	108808
4.3306	109344
4.33249	109880
4.36337	110416
4.36525	110952
4.39613	111488
4.39802	112024
4.4289	112560
4.43079	113096
4.46167	113632
4.46356	114168
4.49444	114704
4.49633	115240
4.52721	115776
4.52909	116312
4.55997	116848
4.56186	117384
4.59274	117920
4.59463	118456
4.62551	118992
4.6274	119528
4.65828	120064
4.66017	120600
4.69105	121136
4.69293	121672
4.72381	122208
4.7257	122744
4.75658	123280
4.75847	123816
4.78935	124352
4.79124	124888
4.82212	125424
4.82401	125960
4.85489	126496
4.85677	127032
4.88765	127568
4.88954	128104
4.92042	128640
4.92231	129176
4.95319	129712
4.95508	130248
4.98596	130784
4.98785	131320
5.01873	131856
5.02061	132392
5.05149	132928
5.05338	133464
5.08426	134000
5.08615	134536
5.11703	135072
5.11892	135608
5.1498	136144
5.15169	136680
5.18257	137216
5.18445	137752
5.21533	138288
5.21722	138824
5.2481	139360
5.24999	139896
5.28087	140432
5.28276	140968
5.31364	141504
5.31553	142040
5.34641	142576
5.34829	143112
5.37917	143648
5.38106	144184
5.41194	144720
5.41383	145256
5.44471	145792
5.4466	146328
5.47748	146864
5.47937	147400
5.51025	147936
5.51213	148472
5.54301	149008
5.5449	149544
5.57578	150080
5.57767	150616
5.60855	151152
5.61044	151688
5.64132	152224
5.64321	152760
5.67409	153296
5.67597	153832
5.70685	154368
5.70874	154904
5.73962	155440
5.74151	155976
5.77239	156512
5.77428	157048
5.80516	157584
5.80705	158120
5.83793	158656
5.83981	159192
5.87069	159728
5.87258	160264
5.90346	160800
5.90535	161336
5.93623	161872
5.93812	162408
5.969	162944
5.97089	163480
6.00177	164016
6.00365	164552
6.03453	165088
6.03642	165624
6.0673	166160
6.06919	166696
6.10007	167232
6.10196	167768
6.13284	168304
6.13473	168840
6.16561	169376
6.16749	169912
6.19837	170448
6.20026	170984
6.23114	171520
6.23303	172056
6.26391	172592
6.2658	173128
6.29668	173664
6.29857	174200
6.32945	174736
6.33133	175272
6.36221	175808
6.3641	176344
6.39498	176880
6.39687	177416
6.42775	177952
6.42964	178488
6.46052	179024
6.46241	179560
6.49329	180096
6.49517	180632
6.52605	181168
6.52794	181704
6.55882	182240
6.56071	182776
6.59159	183312
6.59348	183848
6.62436	184384
6.62625	184920
6.65713	185456
6.65901	185992
6.68989	186528
6.69178	187064
6.72266	187600
6.72455	188136
6.75543	188672
6.75732	189208
6.7882	189744
6.79009	190280
6.82097	190816
6.82285	191352
6.85373	191888
6.85562	192424
6.8865	192960
6.88839	193496
6.91927	194032
6.92116	194568
6.95204	195104
6.95393	195640
6.98481	196176
6.98669	196712
7.01757	197248
7.01946	197784
7.05034	198320
7.05223	198856
7.08311	199392
7.085	199928
7.11588	200464
7.11777	201000
7.14865	201536
7.15053	202072
7.18141	202608
7.1833	203144
7.21418	203680
7.21607	204216
7.24695	204752
7.24884	205288
7.27972	205824
7.28161	206360
7.31249	206896
7.31437	207432
7.34525	207968
7.34714	208504
7.37802	209040
7.37991	209576
7.41079	210112
7.41268	210648
7.44356	211184
7.44545	211720
7.47633	212256
7.47821	212792
7.50909	213328
7.51098	213864
7.54186	214400
7.54375	214936
7.57463	215472
7.57652	216008
7.6074	216544
7.60929	217080
7.64017	217616
7.64205	218152
7.67293	218688
7.67482	219224
7.7057	219760
7.70759	220296
7.73847	220832
7.74036	221368
7.77124	221904
7.77313	222440
7.80401	222976
7.80589	223512
7.83677	224048
7.83866	224584
7.86954	225120
7.87143	225656
7.90231	226192
7.9042	226728
7.93508	227264
7.93697	227800
7.96785	228336
7.96973	228872
8.00061	229408
8.0025	229944
8.03338	230480
8.03527	231016
8.06615	231552
8.06804	232088
8.09892	232624
8.10081	233160
8.13169	233696
8.13357	234232
8.16445	234768
8.16634	235304
8.19722	235840
8.19911	236376
8.22999	236912
8.23188	237448
8.26276	237984
8.26465	238520
8.29553	239056
8.29741	239592
8.32829	240128
8.33018	240664
8.36106	241200
8.36295	241736
8.39383	242272
8.39572	242808
8.4266	243344
8.42849	243880
8.45937	244416
8.46125	244952
8.49213	245488
8.49402	246024
8.5249	246560
8.52679	247096
8.55767	247632
8.55956	248168
8.59044	248704
8.59233	249240
8.62321	249776
8.62509	250312
8.65597	250848
8.65786	251384
8.68874	251920
8.69063	252456
8.72151	252992
8.7234	253528
8.75428	254064
8.75617	254600
8.78705	255136
8.78893	255672
8.81981	256208
8.8217	256744
8.85258	257280
8.85447	257816
8.88535	258352
8.88724	258888
8.91812	259424
8.92001	259960
8.95089	260496
8.95277	261032
8.98365	261568
8.98554	262104
9.01642	262640
9.01831	263176
9.04919	263712
9.05108	264248
9.08196	264784
9.08385	265320
9.11473	265856
9.11661	266392
9.14749	266928
9.14938	267464
9.18026	268000
9.18215	268536
9.21303	269072
9.21492	269608
9.2458	270144
9.24769	270680
9.27857	271216
9.28045	271752
9.31133	272288
9.31322	272824
9.3441	273360
9.34599	273896
9.37687	274432
9.37876	274968
9.40964	275504
9.41153	276040
9.44241	276576
9.44429	277112
9.47517	277648
9.47706	278184
9.50794	278720
9.50983	279256
9.54071	279792
9.5426	280328
9.57348	280864
9.57537	281400
9.60625	281936
9.60813	282472
9.63901	283008
9.6409	283544
9.67178	284080
9.67367	284616
9.70455	285152
9.70644	285688
9.73732	286224
9.73921	286760
9.77009	287296
9.77197	287832
9.80285	288368
9.80474	288904
9.83562	289440
9.83751	289976
9.86839	290512
9.87028	291048
9.90116	291584
9.90305	292120
9.93393	292656
9.93581	293192
9.96669	293728
9.96858	294264
9.99946	294800
10.0014	295336
10.0322	295872
10.0341	296408
10.065	296944
10.0669	297480
10.0978	298016
10.0997	298552
10.1305	299088
10.1324	299624
10.1633	300160
10.1652	300696
10.1961	301232
10.198	301768
10.2288	302304
10.2307	302840
10.2616	303376
10.2635	303912
10.2944	304448
10.2963	304984
10.3271	305520
10.329	306056
10.3599	306592
10.3618	307128
10.3927	307664
10.3946	308200
10.4254	308736
10.4273	309272
10.4582	309808
10.4601	310344
10.491	310880
10.4929	311416
10.5238	311952
10.5256	312488
10.5565	313024
10.5584	313560
10.5893	314096
10.5912	314632
10.6221	315168
10.6239	315704
10.6548	316240
10.6567	316776
10.6876	317312
10.6895	317848
10.7204	318384
10.7222	318920
10.7531	319456
10.755	319992
10.7859	320528
10.7878	321064
10.8187	321600
10.8206	322136
10.8514	322672
10.8533	323208
10.8842	323744
10.8861	324280
10.917	324816
10.9189	325352
10.9497	325888
10.9516	326424
10.9825	326960
10.9844	327496
11.0153	328032
11.0172	328568
11.048	329104
11.0499	329640
11.0808	330176
11.0827	330712
11.1136	331248
11.1155	331784
11.1463	332320
11.1482	332856
11.1791	333392
11.181	333928
11.2119	334464
11.2138	335000
11.2446	335536
11.2465	336072
11.2774	336608
11.2793	337144
11.3102	337680
11.3121	338216
11.343	338752
11.3448	339288
11.3757	339824
11.3776	340360
11.4085	340896
11.4104	341432
11.4413	341968
11.4431	342504
11.474	343040
11.4759	343576
11.5068	344112
11.5087	344648
11.5396	345184
11.5414	345720
11.5723	346256
11.5742	346792
11.6051	347328
11.607	347864
11.6379	348400
11.6398	348936
11.6706	349472
11.6725	350008
11.7034	350544
11.7053	351080
11.7362	351616
11.7381	352152
11.7689	352688
11.7708	353224
11.8017	353760
11.8036	354296
11.8345	354832
11.8364	355368
11.8672	355904
11.8691	356440
11.9	356976
11.9019	357512
11.9328	358048
11.9347	358584
11.9655	359120
11.9674	359656
11.9983	360192
12.0002	360728
12.0311	361264
12.033	361800
12.0638	362336
12.0657	362872
12.0966	363408
12.0985	363944
12.1294	364480
12.1313	365016
12.1622	365552
12.164	366088
12.1949	366624
12.1968	367160
12.2277	367696
12.2296	368232
12.2605	368768
12.2623	369304
12.2932	369840
12.2951	370376
12.326	370912
12.3279	371448
12.3588	371984
12.3606	372520
12.3915	373056
12.3934	373592
12.4243	374128
12.4262	374664
12.4571	375200
12.459	375736
12.4898	376272
12.4917	376808
12.5226	377344
12.5245	377880
12.5554	378416
12.5573	378952
12.5881	379488
12.59	380024
12.6209	380560
12.6228	381096
12.6537	381632
12.6556	382168
12.6864	382704
12.6883	383240
12.7192	383776
12.7211	384312
12.752	384848
12.7539	385384
12.7847	385920
12.7866	386456
12.8175	386992
12.8194	387528
12.8503	388064
12.8522	388600
12.883	389136
12.8849	389672
12.9158	390208
12.9177	390744
12.9486	391280
12.9505	391816
12.9814	392352
12.9832	392888
13.0141	393424
13.016	393960
13.0469	394496
13.0488	395032
13.0797	395568
13.0815	396104
13.1124	396640
13.1143	397176
13.1452	397712
13.1471	398248
13.178	398784
13.1798	399320
13.2107	399856
13.2126	400392
13.2435	400928
13.2454	401464
13.2763	402000
13.2782	402536
13.309	403072
13.3109	403608
13.3418	404144
13.3437	404680
13.3746	405216
13.3765	405752
13.4073	406288
13.4092	406824
13.4401	407360
13.442	407896
13.4729	408432
13.4748	408968
13.5056	409504
13.5075	410040
13.5384	410576
13.5403	411112
13.5712	411648
13.5731	412184
13.6039	412720
13.6058	413256
13.6367	413792
13.6386	414328
13.6695	414864
13.6714	415400
13.7022	415936
13.7041	416472
13.735	417008
13.7369	417544
13.7678	418080
13.7697	418616
13.8006	419152
13.8024	419688
13.8333	420224
13.8352	420760
13.8661	421296
13.868	421832
13.8989	422368
13.9007	422904
13.9316	423440
13.9335	423976
13.9644	424512
13.9663	425048
13.9972	425584
13.999	426120
14.0299	426656
14.0318	427192
14.0627	427728
14.0646	428264
14.0955	428800
14.0974	429336
14.1282	429872
14.1301	430408
14.161	430944
14.1629	431480
14.1938	432016
14.1957	432552
14.2265	433088
14.2284	433624
14.2593	434160
14.2612	434696
14.2921	435232
14.294	435768
14.3248	436304
14.3267	436840
14.3576	437376
14.3595	437912
14.3904	438448
14.3923	438984
14.4231	439520
14.425	440056
14.4559	440592
14.4578	441128
14.4887	441664
14.4906	442200
14.5214	442736
14.5233	443272
14.5542	443808
14.5561	444344
14.587	444880
14.5889	445416
14.6198	445952
14.6216	446488
14.6525	447024
14.6544	447560
14.6853	448096
14.6872	448632
14.7181	449168
14.7199	449704
14.7508	450240
14.7527	450776
14.7836	451312
14.7855	451848
14.8164	452384
14.8182	452920
14.8491	453456
14.851	453992
14.8819	454528
14.8838	455064
14.9147	455600
14.9166	456136
14.9474	456672
14.9493	457208
14.9802	457744
14.9821	458280
15.013	458816
15.0149	459352
15.0457	459888
15.0476	460424
15.0785	460960
15.0804	461496
15.1113	462032
15.1132	462568
15.144	463104
15.1459	463640
15.1768	464176
15.1787	464712
15.2096	465248
15.2115	465784
15.2423	466320
15.2442	466856
15.2751	467392
15.277	467928
15.3079	468464
15.3098	469000
15.3406	469536
15.3425	470072
15.3734	470608
15.3753	471144
15.4062	471680
15.4081	472216
15.439	472752
15.4408	473288
15.4717	473824
15.4736	474360
15.5045	474896
15.5064	475432
15.5373	475968
15.5391	476504
15.57	477040
15.5719	477576
15.6028	478112
15.6047	478648
15.6356	479184
15.6374	479720
15.6683	480256
15.6702	480792
15.7011	481328
15.703	481864
15.7339	482400
15.7358	482936
15.7666	483472
15.7685	484008
15.7994	484544
15.8013	485080
15.8322	485616
15.8341	486152
15.8649	486688
15.8668	487224
15.8977	487760
15.8996	488296
15.9305	488832
15.9324	489368
15.9632	489904
15.9651	490440
15.996	490976
15.9979	491512
16.0288	492048
16.0307	492584
16.0615	493120
16.0634	493656
16.0943	494192
16.0962	494728
16.1271	495264
16.129	495800
16.1598	496336
16.1617	496872
16.1926	497408
16.1945	497944
16.2254	498480
16.2273	499016
16.2582	499552
16.26	500088
16.2909	500624
16.2928	501160
16.3237	501696
16.3256	502232
16.3565	502768
16.3583	503304
16.3892	503840
16.3911	504376
16.422	504912
16.4239	505448
16.4548	505984
16.4566	506520
16.4875	507056
16.4894	507592
16.5203	508128
16.5222	508664
16.5531	509200
16.555	509736
16.5858	510272
16.5877	510808
16.6186	511344
16.6205	511880
16.6514	512416
16.6533	512952
16.6841	513488
16.686	514024
16.7169	514560
16.7188	515096
16.7497	515632
16.7516	516168
16.7824	516704
16.7843	517240
16.8152	517776
16.8171	518312
16.848	518848
16.8499	519384
16.8807	519920
16.8826	520456
16.9135	520992
16.9154	521528
16.9463	522064
16.9482	522600
16.979	523136
16.9809	523672
17.0118	524208
17.0137	524744
17.0446	525280
17.0465	525816
17.0774	526352
17.0792	526888
17.1101	527424
17.112	527960
17.1429	528496
17.1448	529032
17.1757	529568
17.1775	530104
17.2084	530640
17.2103	531176
17.2412	531712
17.2431	532248
17.274	532784
17.2758	533320
17.3067	533856
17.3086	534392
17.3395	534928
17.3414	535464
17.3723	536000
17.3742	536536
17.405	537072
17.4069	537608
17.4378	538144
17.4397	538680
17.4706	539216
17.4725	539752
17.5033	540288
17.5052	540824
17.5361	541360
17.538	541896
17.5689	542432
17.5708	542968
17.6016	543504
17.6035	544040
17.6344	544576
17.6363	545112
17.6672	545648
17.6691	546184
17.6999	546720
17.7018	547256
17.7327	547792
17.7346	548328
17.7655	548864
17.7674	549400
17.7982	549936
17.8001	550472
17.831	551008
17.8329	551544
17.8638	552080
17.8657	552616
17.8966	553152
17.8984	553688
17.9293	554224
17.9312	554760
17.9621	555296
17.964	555832
17.9949	556368
17.9967	556904
18.0276	557440
18.0295	557976
18.0604	558512
18.0623	559048
18.0932	559584
18.095	560120
18.1259	560656
18.1278	561192
18.1587	561728
18.1606	562264
18.1915	562800
18.1934	563336
18.2242	563872
18.2261	564408
18.257	564944
18.2589	565480
18.2898	566016
18.2917	566552
18.3225	567088
18.3244	567624
18.3553	568160
18.3572	568696
18.3881	569232
18.39	569768
18.4208	570304
18.4227	570840
18.4536	571376
18.4555	571912
18.4864	572448
18.4883	572984
18.5191	573520
18.521	574056
18.5519	574592
18.5538	575128
18.5847	575664
18.5866	576200
18.6174	576736
18.6193	577272
18.6502	577808
18.6521	578344
18.683	578880
18.6849	579416
18.7158	579952
18.7176	580488
18.7485	581024
18.7504	581560
18.7813	582096
18.7832	582632
18.8141	583168
18.8159	583704
18.8468	584240
18.8487	584776
18.8796	585312
18.8815	585848
18.9124	586384
18.9142	586920
18.9451	587456
18.947	587992
18.9779	588528
18.9798	589064
19.0107	589600
19.0126	590136
19.0434	590672
19.0453	591208
19.0762	591744
19.0781	592280
19.109	592816
19.1109	593352
19.1417	593888
19.1436	594424
19.1745	594960
19.1764	595496
19.2073	596032
19.2092	596568
19.24	597104
19.2419	597640
19.2728	598176
19.2747	598712
19.3056	599248
19.3075	599784
19.3383	600320
19.3402	600856
19.3711	601392
19.373	601928
19.4039	602464
19.4058	603000
19.4366	603536
19.4385	604072
19.4694	604608
19.4713	605144
19.5022	605680
19.5041	606216
19.535	606752
19.5368	607288
19.5677	607824
19.5696	608360
19.6005	608896
19.6024	609432
19.6333	609968
19.6351	610504
19.666	611040
19.6679	611576
19.6988	612112
19.7007	612648
19.7316	613184
19.7334	613720
19.7643	614256
19.7662	614792
19.7971	615328
19.799	615864
19.8299	616400
19.8318	616936
19.8626	617472
19.8645	618008
19.8954	618544
19.8973	619080
19.9282	619616
19.9301	620152
19.9609	620688
19.9628	621224
19.9937	621760
19.9956	622296
